NAME: bar-n100-1
LOCATION: Barcelona
COMMENT:  Sartori and Buriol (2019)
TYPE: PDPTW
SIZE: 9
DISTRIBUTION: cluster-random (7 / 1.5)
DEPOT: random
ROUTE-TIME: 240
TIME-WINDOW: 120
CAPACITY: 300
NODES
0 41.39753660 2.12356330 0 0 240 0 0 0
1 41.40052560 2.11713440 22 5 30 10 0 5
2 41.39406020 2.19094860 20 20 75 10 0 6
3 41.42137720 2.08627070 147 10 50 10 0 7
4 41.42227070 2.13323310 73 20 50 10 0 8
5 41.43640110 2.18893560 -22 5 40 5 1 0
6 41.39797200 2.17343800 -20 10 90 5 2 0
7 41.43220000 2.16124700 -147 10 60 5 3 0
8 41.41009850 2.18822350 -73 5 80 5 4 0
EDGES
0 2 14 13 10 15 11 11 12
3 0 14 12 9 14 11 10 12
14 13 0 22 16 12 5 10 5
12 11 23 0 18 22 19 18 21
11 9 18 18 0 18 14 13 15
15 13 13 22 16 0 12 8 8
10 10 6 19 14 10 0 9 4
11 9 12 18 12 8 10 0 8
12 12 6 21 15 8 5 8 0
EOF